"","SGP033296","SGP033297","SGP033298","SGP033299","SGP033300","SGP033301","SGP033302","SGP033303","SGP033304","SGP033305","SGP033306","SGP033307","SGP033308","SGP033309","SGP033310","SGP033311","SGP033312","SGP033313","SGP033314","SGP033315","SGP033316","SGP033317","SGP033318","SGP033319","SGP033320","SGP033321","SGP033322","SGP033323","SGP033324","SGP033325","SGP033326","SGP033327","SGP033328","SGP033329","SGP033330","SGP033331","SGP033332","SGP033333","SGP033334","SGP033336","SGP033337","SGP033338","SGP033339","SGP033340","SGP033341","SGP033342","SGP033343","SGP033344","SGP033345","SGP033346","SGP033347","SGP033348","SGP033349","SGP033350","SGP033351","SGP033352","SGP033353","SGP033354","SGP033355","SGP033356","SGP033357","SGP033358","SGP033359","SGP033360","SGP033361","SGP039576","SGP039577","SGP039578","SGP039579","SGP039581","SGP039582","SGP039583","SGP039584","SGP039585","SGP039586","SGP039587","SGP039588","SGP039589","SGP039590","SGP039591","SGP039592","SGP039593","SGP039594","SGP039595","SGP039596","SGP039597","SGP039598","SGP039599","SGP039600","SGP039601","SGP039602","SGP039603","SGP039604","SGP039605","SGP039606","SGP039607","SGP039608","SGP039609","SGP039610","SGP039611","SGP039612"
"SGP033296",0,0.730093511080391,0.62630276002802,0.723588940483377,0.800699063315084,0.796924946997055,0.998028729666618,0.803137793424628,0.758234549569529,0.632126951754954,0.943370087673962,0.715250057078973,0.453279152189268,0.670270371178366,0.985341353352584,0.76823241496898,0.703368977451258,0.7580189219902,0.59210225897943,0.734903216381952,0.661981789579008,0.789080306634585,0.651467772719853,0.491571362613493,0.729865599813305,0.679501341011418,0.5051033925696,0.837051448941529,0.985185550134026,0.778355247997939,0.650119446419189,0.825346365475804,0.674772011874413,0.627236352487536,0.990512262680418,0.6077371757841,0.711665181758469,0.708690220031972,0.714923947811956,0.682159923316182,0.632901234666923,0.742492164021984,0.979800945005722,0.836225231511061,0.714658242378231,0.675786486656895,0.682897634796331,0.746326471669046,0.705696519392606,0.766365248763535,0.677772355337285,0.735178387849675,0.624774880041416,0.720709830239339,0.682731986170993,0.713452750284895,0.715718621972182,0.74081557683941,0.706100931801588,0.723875328237776,0.724229656272631,0.778209153840272,0.765179207201572,0.696856019605706,0.765982877079949,0.739720152995099,0.646668932377117,0.920813959512138,0.784752423310683,0.681640729160941,0.755828306941875,0.760189987756228,0.942439183786266,0.761526086574254,0.727831222939401,0.713006077970327,0.699322680042435,0.806872099211133,0.807513965717178,0.83839071689694,0.99603917075843,0.864898306142466,0.769489026478131,0.753335569993831,0.771753184192719,0.969471220128548,0.764844023790125,0.870823339401151,0.739862687065058,0.759715743950588,0.778927132189344,0.926632323039629,0.741236794192338,0.732891780549751,0.740066000754016,0.784224872101037,0.888799396699981,0.771854766282321,0.68091801974763,0.799640016363075,0.771826109728156
"SGP033297",0.730093511080391,0,0.746990918889266,0.571513444943501,0.841985300910285,0.804596607650179,0.995587693439339,0.482645654981293,0.502100558208171,0.459707746204121,0.982826831646387,0.757076963707255,0.671786729375353,0.364176612860448,0.989900536204909,0.69598468244882,0.721330589909368,0.801667577629234,0.640330810032944,0.794862641133836,0.34958685184651,0.830564196837557,0.68708630045064,0.714048675558546,0.777055626899533,0.706714221195709,0.655785943269889,0.847558611414748,0.99566519561633,0.804744482394106,0.665154771486434,0.855889475184121,0.480089225798151,0.688868004349822,0.999354727295918,0.721819448598876,0.770930885808795,0.7650798297529,0.612842998684797,0.644079634219021,0.762157008693145,0.672514951692233,0.99485079560884,0.860807341095988,0.707773958361411,0.685658097964406,0.666809145324676,0.570500789700154,0.713947234560769,0.57441377719295,0.681834133996348,0.640838052835937,0.67351310957333,0.697363066425676,0.521241944897592,0.656322215265673,0.658944524092068,0.697412869724169,0.580113745920376,0.633330934640073,0.640619603547208,0.585634268336521,0.579560537928199,0.634893125229477,0.638511095523924,0.651500329016464,0.782048097558155,0.727948710037643,0.681190838810483,0.76017189863532,0.721701572158011,0.697815832872067,0.843829718747411,0.614675923920825,0.700218026753906,0.652494033445175,0.69447924648154,0.623205069247183,0.596679228279786,0.610809396146321,0.999310339769574,0.858422135444239,0.741411882010888,0.668620364816528,0.798965086188835,0.994053209324029,0.739124078155965,0.789742160701503,0.785984390494079,0.540610041561921,0.748517945429905,0.845761112394479,0.610954151313836,0.707307242361454,0.567471084421191,0.683302323608274,0.801026090436573,0.682543050902397,0.725242414697634,0.812162523894481,0.567068193020592
"SGP033298",0.62630276002802,0.746990918889266,0,0.750178836362387,0.857441160952071,0.822181627404305,0.996194318428939,0.772052009212571,0.80486398709174,0.700821805066702,0.958602661151609,0.789615485970575,0.651327241079666,0.679202133252904,0.986736427320257,0.831058379883238,0.800028712766438,0.822918072136893,0.716424907311845,0.786639938510001,0.701595227238504,0.819690881508005,0.759163940896512,0.662597929564307,0.81519324405793,0.744883399134958,0.697150291650261,0.867928370784003,0.964260285324924,0.671296834252594,0.416384348474356,0.849415585688988,0.719038034567339,0.406200758367585,0.976482335695369,0.341296633274364,0.82103850630013,0.777917536471793,0.693916232314518,0.69897939102752,0.30673903230277,0.780765506739608,0.963711341152195,0.881113784999507,0.810840213970833,0.685032278614505,0.78643541704375,0.743479108834038,0.727352091217341,0.742513446174555,0.71414953909453,0.783230872679323,0.721032157268698,0.73155415285824,0.705959907585593,0.802075026604911,0.760274207381926,0.725322834259552,0.692404054402887,0.720848093963157,0.710564789592986,0.778903356521903,0.751216285736967,0.781676295859595,0.761177351496444,0.732746277640515,0.58073040423321,0.884373049364457,0.763348293677222,0.612209705234283,0.724578878527714,0.759878977600262,0.938115762224813,0.745035960825031,0.7465566352007,0.774672684452521,0.692737474573248,0.787607097783086,0.785378588695505,0.798299099740174,0.993184835352366,0.88362656118866,0.754689702257504,0.718915948777461,0.781073684107766,0.949047357788234,0.760026670097227,0.876350090116186,0.634391786074823,0.733661474188519,0.732262250980602,0.926001257286452,0.755693943750582,0.73347539342686,0.739144327635101,0.769254224377806,0.919168603606053,0.760805604503349,0.57417356473577,0.818272928722403,0.769159856104811
"SGP033299",0.723588940483377,0.571513444943501,0.750178836362387,0,0.792122947236942,0.735601007123778,0.999083544752892,0.611863916205618,0.691954528281909,0.540423433478862,0.977758060557077,0.82357330470599,0.671328278132134,0.568301190988461,0.983876881504913,0.650887476721429,0.711533176487203,0.76937620357884,0.584804142882029,0.761516503343535,0.546454302995224,0.778293248539155,0.676586878985197,0.724166627906865,0.753761530510076,0.647630750534323,0.650849260403209,0.824665391062549,0.986214718311759,0.879591434454134,0.69748081027659,0.815392490609645,0.630566691188586,0.734422107700378,0.977228029703854,0.715927950918344,0.807676183893954,0.803798159579848,0.582674455546483,0.637962212610481,0.759174307200993,0.666688598876625,0.99128293329631,0.833099288423126,0.793945018966813,0.661677671969624,0.775697489639944,0.434778310848498,0.790730831430705,0.416825303273005,0.634273157514466,0.488580650133216,0.784793881645361,0.678237367546829,0.652657416511975,0.537838804144777,0.539343201570542,0.759921475699549,0.714533914391422,0.75241979992102,0.64216593360143,0.574521991916253,0.491768484862816,0.558620276135572,0.771549045072239,0.6557702677137,0.762498279735481,0.636620436709484,0.725992864167562,0.768605578433974,0.719880740126417,0.683747763200031,0.685734710074994,0.579277959727673,0.728567852205366,0.574240899839734,0.650650105653136,0.461348706341715,0.754119893636784,0.800604049354632,0.999684641420096,0.858454983826528,0.73617523422297,0.597632585919743,0.792503611650312,0.986745268812102,0.744125568488635,0.504936767504521,0.798128697667383,0.693911095270463,0.754927782566163,0.60380552249823,0.604220991506949,0.696521044631772,0.554078876901041,0.701666529205023,0.573212997625478,0.678521556949683,0.726217746111151,0.802744167275924,0.5923788677107
"SGP033300",0.800699063315084,0.841985300910285,0.857441160952071,0.792122947236942,0,0.647595901345657,0.998111015317087,0.877037333648262,0.886064942916398,0.831362558896153,0.983271447842007,0.941083991795996,0.802335006214288,0.83557727695365,0.898378382630571,0.78404202550685,0.758784307262164,0.255756616658677,0.861518826273957,0.28805648144704,0.853109734519612,0.26913851154277,0.774109193911705,0.794347047943096,0.254051380603398,0.689947130174624,0.803360252238328,0.351067138935162,0.990778557300311,0.928061981363158,0.864657100132559,0.222297482827313,0.858662298668855,0.884245413799116,0.995716602707321,0.826044856921887,0.828791447752819,0.846819450675067,0.840674096001913,0.816309645536272,0.850514696540256,0.854896641486487,0.995780833309718,0.293322706204075,0.841653741322485,0.832171820131969,0.826820299673574,0.839854174020706,0.845324000390955,0.80195297042428,0.812480835500535,0.839760012205363,0.82313876010922,0.805291073270768,0.848901281748929,0.814758336131227,0.84162623456254,0.799685434096507,0.794980589376158,0.82901368273218,0.817101709792442,0.831350201250598,0.874478364217807,0.825671192314698,0.839895237578185,0.855794630623368,0.813710315958849,0.951688459098786,0.803612587419028,0.860476437060165,0.784702188380273,0.874218773357426,0.964375428022151,0.853913085696254,0.835727027735854,0.846117320558705,0.841630102782393,0.882608766185603,0.870907451972086,0.903099229378101,0.987530758515536,0.866192842704833,0.767332375110946,0.844420412887567,0.737742994174164,0.996072793158091,0.75375633129853,0.89318119604061,0.852778908146452,0.856404394771868,0.767574431011887,0.938303358555587,0.849426470844399,0.854567454625657,0.860247069639743,0.888410879507106,0.941040439418143,0.873590740602111,0.811072266752055,0.767008516940562,0.885019484411074
"SGP033301",0.796924946997055,0.804596607650179,0.822181627404305,0.735601007123778,0.647595901345657,0,0.998818726426596,0.833591484102196,0.847031423769824,0.788143961834791,0.988484703980334,0.888961234674161,0.745674750124784,0.791057362424722,0.692481828023358,0.660532549742346,0.52182758316665,0.559617937566476,0.784545561665923,0.581242414920764,0.806815786906154,0.466390391033602,0.711334601026413,0.780977734561312,0.569905973378252,0.581147910768162,0.744587033614152,0.555997904949921,0.996483766969765,0.889319948924149,0.846548677416584,0.497511426426325,0.850461663204197,0.828140391921087,0.999550160013443,0.826985505072198,0.837753075542682,0.797609165068907,0.820204243656471,0.802775308963188,0.846178965777964,0.796099450563629,0.99022400873613,0.494564391247792,0.819981085813415,0.805697147500651,0.804389854865614,0.794651301136475,0.795909001083886,0.738834784297666,0.795895760176109,0.701966817879742,0.795735967313597,0.7527155648127,0.815393419071264,0.693764976995645,0.758928671908597,0.756707046025126,0.761877414793156,0.791756136164093,0.76625486020534,0.747448688222209,0.768213001523092,0.738057086077803,0.803706941190914,0.756728887620871,0.787212456506719,0.91613706262817,0.659609997815442,0.787493338203939,0.698023978424619,0.772448175371773,0.950157628319297,0.749286201967088,0.787531031073329,0.704435846739505,0.810434164257707,0.755004819147383,0.797649857558213,0.858572517843881,0.998294526728146,0.831334138701082,0.602008323449546,0.734905512099435,0.544431994934455,0.990733374728341,0.628992725781876,0.860755365009057,0.79226403068237,0.801690881585735,0.620975652143284,0.914651850333933,0.739461855614657,0.782165893981538,0.760139323624536,0.787843870235584,0.920329641167876,0.76927943326762,0.781716008678514,0.434019631307204,0.794451847303046
"SGP033302",0.998028729666618,0.995587693439339,0.996194318428939,0.999083544752892,0.998111015317087,0.998818726426596,0,0.988821099064378,0.987280952551362,0.993009780258255,0.952024728991037,0.989396336199801,0.995584145312335,0.993002858346599,0.95309903514545,0.999285175446804,0.998772424857949,0.998533197916428,0.998375765897653,0.998200584509473,0.992530166409873,0.998660939943784,0.996287347315214,0.997866544499719,0.998434539410427,0.968406285412668,0.998168450983555,0.999032084800274,0.892546814192226,0.984785593588168,0.996688041053245,0.997039807759722,0.993690166171888,0.996479778150143,0.678681638291301,0.995005001432895,0.996540707077908,0.996545663622963,0.998062066614155,0.997338543835286,0.997076160505594,0.997408481547607,0.984430273681809,0.998575380899953,0.998016656975616,0.997879305834808,0.997406766270761,0.993206072656683,0.994658496436667,0.99778066245885,0.99755440277186,0.998685358678807,0.997679808249111,0.998188642313401,0.98933960591497,0.998555044212195,0.99887272324408,0.996408472838648,0.998503716931809,0.99688667308451,0.998414778206231,0.997816465087893,0.998637649147127,0.99863667180518,0.998269670100804,0.997536806097007,0.998250595271404,0.991639170526827,0.99897206819778,0.997982356630212,0.998666504907441,0.997500374983347,0.995201232035884,0.990787545561721,0.997574923234145,0.998584648157187,0.998216098244979,0.998520518064063,0.997061326271673,0.997875687593367,0.847966045554612,0.921520040710273,0.99941639147776,0.997744826967349,0.999432450711425,0.995487342131034,0.999354127191954,0.996353955324352,0.997491269714336,0.997569785115704,0.999351525521003,0.999076958753861,0.996818742353635,0.999323393529747,0.997151645609263,0.997175187147548,0.997318846953372,0.996014746242394,0.998211034929152,0.998529908894901,0.996793015324592
"SGP033303",0.803137793424628,0.482645654981293,0.772052009212571,0.611863916205618,0.877037333648262,0.833591484102196,0.988821099064378,0,0.456786898057643,0.426587743774743,0.991258979319227,0.688200958598887,0.685704771026649,0.495872035790186,0.988581946660236,0.64140690990732,0.726408268129899,0.867719625264203,0.53852825923547,0.853766997991658,0.447227430034308,0.874773333967654,0.716328201207992,0.738853844258069,0.849615620540805,0.721528579820115,0.685834043159628,0.894958415556847,0.99637407517067,0.757305708453013,0.72165413803581,0.893942627098798,0.486345840022758,0.713096982259103,0.99838324236727,0.746818112204189,0.769484988406555,0.779849165876436,0.693459265828158,0.703472253491412,0.743291719144342,0.713431326561581,0.978974071614241,0.897150446774321,0.698872580276921,0.721124058267993,0.617760094873632,0.587339853917175,0.630919776915146,0.594625098462055,0.747325368776183,0.595932744013544,0.680300149795119,0.763152447763311,0.665031215131478,0.642275938483343,0.619035398375634,0.791983508599486,0.659539708172996,0.702942666988006,0.721738955083117,0.730075084801046,0.618927711057573,0.667533351114961,0.746516923068299,0.723739171892507,0.798064420980054,0.751627040616215,0.767631002668188,0.771314963548743,0.752346785857784,0.76320235061613,0.704263843953934,0.685634929316662,0.781681799298589,0.661468838199016,0.740381077969678,0.622022613531528,0.698994021066987,0.671065456636985,0.998489478413092,0.854083805506853,0.764521545495964,0.69337919202104,0.812814795691126,0.969241601815122,0.75535114890047,0.651627502672028,0.793009280083785,0.680239426742808,0.765794881397235,0.720473568439932,0.682480133459782,0.717007744136591,0.671508511842408,0.759543767962891,0.779717630120176,0.757970965573855,0.755283607655311,0.81649586356564,0.71766336227388
"SGP033304",0.758234549569529,0.502100558208171,0.80486398709174,0.691954528281909,0.886064942916398,0.847031423769824,0.987280952551362,0.456786898057643,0,0.470341655059949,0.988281942502627,0.717020937939128,0.706649623580017,0.400630237992252,0.990136390762669,0.655836199274879,0.751592638971336,0.860373602599676,0.611629062464109,0.852827023009033,0.422101921363305,0.880636515474952,0.707354788637037,0.69295869020423,0.838795381185539,0.719622306689973,0.701348365401578,0.8847227096009,0.995060756647506,0.801563087789004,0.719998739237996,0.901404084457331,0.533181585929316,0.722189408275341,0.99699181964059,0.748254247398114,0.764898980365088,0.742635959481192,0.71956888501277,0.713314472927394,0.762385322996789,0.697609041280276,0.991602960337634,0.903467822832724,0.681965841254327,0.740782090817128,0.585338242901683,0.672286224516968,0.666139594244047,0.611521914599655,0.730183203298376,0.683455813842149,0.625020052360649,0.780167792905377,0.595428835833758,0.657054235313215,0.700949377968803,0.785624977617495,0.69986362792883,0.71407160992338,0.750331342928186,0.6687319939697,0.685600684884966,0.670809443616551,0.71982114313674,0.728504701538201,0.819211136873443,0.739150239349014,0.805200559512839,0.744311214823656,0.768345122780506,0.760266283938722,0.79627609953931,0.67647879923921,0.766626956730377,0.666919619244298,0.772882967422714,0.699607616700537,0.724097166137911,0.745908161900861,0.999727171059679,0.884016432797881,0.776222284312338,0.735152976858708,0.824815277050617,0.990682653477111,0.764230966923777,0.734379791749795,0.780827531525403,0.70292486391029,0.77109384013801,0.800420226269793,0.694345601490304,0.764299837501373,0.673810015594565,0.752527965012731,0.785555304477397,0.746225524155222,0.753337627088039,0.835733988607217,0.718246629270854
"SGP033305",0.632126951754954,0.459707746204121,0.700821805066702,0.540423433478862,0.831362558896153,0.788143961834791,0.993009780258255,0.426587743774743,0.470341655059949,0,0.988421152477239,0.807231359928154,0.579086782888643,0.359646375714715,0.989234918364897,0.604543482060807,0.630155851489846,0.7817230206014,0.496247189006386,0.761021491717145,0.278093483737273,0.810978532632041,0.562269195209452,0.627147543744853,0.761135729382178,0.631370711805924,0.590316123962095,0.857725712255959,0.995660976878849,0.840591030859834,0.60347390108253,0.847075939839978,0.360659759822365,0.62691455129061,0.998205245814221,0.609642514162058,0.688482685237671,0.691178457523491,0.600226187091743,0.636022751275733,0.68123256265906,0.68282569407304,0.995904175294623,0.855277520724431,0.695305897262535,0.665672983804143,0.639322950526989,0.483993625643007,0.6307713956107,0.550121943369943,0.690763927880174,0.552647134253995,0.540243580629785,0.738990990925174,0.556158004440787,0.607478151512378,0.543851006689072,0.704401854973061,0.602605749049455,0.638614562078204,0.678840571088349,0.670352409579919,0.597112683484103,0.602323032034827,0.692728446538912,0.680375959859342,0.797339724248712,0.74300492495946,0.739563855592549,0.709368518108859,0.707678510843104,0.715698231926399,0.711477735226902,0.634253141313453,0.72366582928085,0.650503770497662,0.72149345242999,0.619467648932241,0.688028541576305,0.683474475459042,0.99772466250309,0.830023685031459,0.730084329402597,0.689596752953083,0.803441397219923,0.99650838186207,0.734410120027607,0.639887799181741,0.753562501841861,0.641773316328988,0.745891725136093,0.716722019201573,0.63015139678569,0.699800017773089,0.620253017171056,0.71776250507485,0.805939183747729,0.702249131180985,0.73243497228594,0.824051059884064,0.645109072271741
"SGP033306",0.943370087673962,0.982826831646387,0.958602661151609,0.977758060557077,0.983271447842007,0.988484703980334,0.952024728991037,0.991258979319227,0.988281942502627,0.988421152477239,0,0.88234529650992,0.941483227681183,0.987793196304765,0.98384852515233,0.987510633748747,0.987565544336678,0.985336602666641,0.95898478201435,0.983815326784745,0.985038182413782,0.984194663806148,0.984325806388845,0.930062060366982,0.9815674531139,0.967387174973336,0.959781471805342,0.98470247631123,0.726490563661362,0.901630445703179,0.951187230850931,0.98299314752729,0.988082120785434,0.966079668900419,0.880934231287195,0.964219879394078,0.961411049764249,0.965301753461608,0.976953456030154,0.975408209435717,0.969076318481308,0.952559040604098,0.961538128098355,0.987604786917307,0.98456449660179,0.967642529662635,0.984435734697913,0.984076265026545,0.975080691185118,0.985007223859666,0.976402853085993,0.95592364698741,0.974125613911156,0.976850909137585,0.923940030594178,0.965960656930735,0.940878223935387,0.97491461272402,0.979266291937648,0.973808483301783,0.981281738500302,0.985127120730112,0.918188892785613,0.954824246328134,0.97909349447256,0.976457810967501,0.981134770189934,0.943583914917094,0.990281889344319,0.978052223478986,0.985268526536195,0.974727748602603,0.989249594797954,0.970299125631235,0.979051954534482,0.957040762716435,0.975136056115428,0.96506143031081,0.984173514407127,0.981620175523083,0.774300027212391,0.927901217649595,0.985435462308755,0.92812293966392,0.98569406617864,0.989241065459042,0.985643798969817,0.973354219093756,0.978221543723044,0.981911549878515,0.985751805636388,0.975136251899544,0.978583189851068,0.984497540645161,0.979551138060786,0.977805299583634,0.986494925975116,0.975094852223725,0.976748906724448,0.985809655089787,0.977363368753074
"SGP033307",0.715250057078973,0.757076963707255,0.789615485970575,0.82357330470599,0.941083991795996,0.888961234674161,0.989396336199801,0.688200958598887,0.717020937939128,0.807231359928154,0.88234529650992,0,0.634791479290217,0.716828878992571,0.976976161102283,0.798054158730479,0.834667651599126,0.930735002792109,0.661842971771581,0.900570828568968,0.755688627170116,0.920845540592645,0.808797981089748,0.679233330784656,0.910276202952852,0.772103307182884,0.738790412894456,0.942119797123452,0.916799306236698,0.621945684652322,0.784114524146643,0.949647370285484,0.749967203811817,0.788868669542351,0.910924691913447,0.844982391421533,0.858347708215115,0.895864265490439,0.808288432906574,0.776885953593784,0.806066709353125,0.730165523997159,0.98028948953187,0.952451702192111,0.750746695460206,0.78104050384266,0.682967575113585,0.806186719777459,0.746809439029551,0.781194289429441,0.779095597784253,0.770040021109198,0.722993532562336,0.807011199880331,0.723741776812142,0.776031480500472,0.760700513492969,0.833849416323707,0.805743996288757,0.803244409703197,0.799398253355318,0.818708633814439,0.716662121733773,0.785415592318519,0.797567271249509,0.801505933611457,0.846397235733416,0.891428227304366,0.734031058237316,0.881119090217073,0.727895441036647,0.802692387522469,0.8884569670032,0.788644696004973,0.784757872119472,0.761487884320342,0.762304811900293,0.776137962222364,0.796792921292523,0.823418330299839,0.986696831192365,0.954496846672584,0.755153327827058,0.711416647642486,0.794500637087433,0.970090286852813,0.707007491602281,0.895082607669854,0.882297254970756,0.838020225667666,0.723084333231685,0.910037938003222,0.813788659063396,0.734584176767681,0.799379241834346,0.811106848392341,0.888817840229991,0.796450886581368,0.827609424514492,0.837569001393901,0.802354242389415
"SGP033308",0.453279152189268,0.671786729375353,0.651327241079666,0.671328278132134,0.802335006214288,0.745674750124784,0.995584145312335,0.685704771026649,0.706649623580017,0.579086782888643,0.941483227681183,0.634791479290217,0,0.616215536986868,0.985318213667885,0.716491305974756,0.630353993299585,0.748937601904493,0.48851260261658,0.735141671983419,0.624559144481599,0.771374971568812,0.58376839844247,0.494248646716838,0.722622556287999,0.610716479238794,0.456197770956152,0.813265536183492,0.978677380637018,0.769626318030356,0.641323660874447,0.812396383939221,0.670537918458963,0.632923462667505,0.987139970274229,0.62348580448813,0.638615138362202,0.652785071868495,0.652987524646306,0.638329333695697,0.620771526084858,0.680759385062896,0.989206565930282,0.828289678374116,0.70108210754612,0.649893324805515,0.624223767025694,0.673560229696392,0.669466841343653,0.649211759839737,0.641895095314847,0.656841050131278,0.622437296697724,0.629141482090628,0.675591720252994,0.641933309882034,0.64679541812469,0.697421262712044,0.643809095449334,0.689336550438002,0.643594466408743,0.694029750384482,0.697722616697203,0.643212141037868,0.721135095660054,0.670040197155336,0.667980108124807,0.867987073369755,0.766770827598625,0.693365971217922,0.68677913622179,0.686609691482062,0.912587438222088,0.697381805154776,0.700804046894648,0.659984621458103,0.644578209619215,0.737354577124071,0.774604974712405,0.790796470911918,0.984499395654215,0.808043019138006,0.726057978910223,0.649517575561093,0.752151567758505,0.982612571068195,0.703657484211116,0.812938383692273,0.722967634480954,0.715677780238528,0.720390260690901,0.881135744021931,0.658228483323448,0.641519622496947,0.690569258204623,0.710341027484302,0.862959180139261,0.6992166555156,0.649563442904043,0.768167707672705,0.709556602722143
"SGP033309",0.670270371178366,0.364176612860448,0.679202133252904,0.568301190988461,0.83557727695365,0.791057362424722,0.993002858346599,0.495872035790186,0.400630237992252,0.359646375714715,0.987793196304765,0.716828878992571,0.616215536986868,0,0.992153149905182,0.632224411850087,0.680995735800048,0.80366564987399,0.558258283056824,0.776117500148333,0.229037618366185,0.827810335186312,0.669300973015065,0.619652821235516,0.76982274384761,0.646756699265777,0.6006172746416,0.84319719124868,0.996654821868317,0.793021973293346,0.629040905846253,0.850001328437452,0.446931420850052,0.635963462215536,0.999337576850106,0.641253402007907,0.735859164998209,0.654967712300476,0.591762000140717,0.621337622589723,0.673188274580986,0.62988086606393,0.98847006835501,0.861691729903148,0.618874763888267,0.650115832952427,0.571644384219999,0.556271178888778,0.629351434980704,0.483414122770056,0.648108801775569,0.61285278239622,0.556877175830508,0.661891319961008,0.476382943414857,0.614412028309894,0.643914134675173,0.655659648558143,0.575904558671852,0.632692443668264,0.60747914082635,0.540619635244927,0.596751317763101,0.614397336761591,0.615139107224045,0.616591069263822,0.730037534319042,0.688701947773689,0.685206624501144,0.637318062610508,0.715424976853276,0.660759366174314,0.800434095527634,0.557256052853562,0.696190925035968,0.584014172405347,0.645504824626595,0.577510159929323,0.584655117189779,0.655474390395692,0.998835444451397,0.833759745446993,0.702369259885529,0.640959866983841,0.781518727918368,0.986615927222485,0.711210398991322,0.699483059095053,0.694614163846347,0.573584961522293,0.728026230956751,0.79332784445032,0.571616609160412,0.688775356380772,0.542163747391207,0.658690030856339,0.769070218255469,0.662113077960079,0.62344835918876,0.796245342997027,0.57003232665722
"SGP033310",0.985341353352584,0.989900536204909,0.986736427320257,0.983876881504913,0.898378382630571,0.692481828023358,0.95309903514545,0.988581946660236,0.990136390762669,0.989234918364897,0.98384852515233,0.976976161102283,0.985318213667885,0.992153149905182,0,0.825572893310608,0.756015629007235,0.840733100721334,0.987471416094544,0.865750889059115,0.988314445776544,0.755329583483897,0.967464057929463,0.986094320473728,0.862601638827199,0.912876474400843,0.985944089552307,0.822173497927495,0.941364644634994,0.971298367653427,0.985643330362959,0.768301123561747,0.983483728184505,0.987687495068663,0.931371050448068,0.988267927304557,0.973688586949263,0.992110348720218,0.992753988747263,0.993163441703024,0.989372771647828,0.989462156120993,0.963594268974593,0.739273770647782,0.982808395862875,0.993634523339423,0.979921564298229,0.978583028948507,0.977421079837481,0.984167636607973,0.993221644716695,0.976275368607172,0.984367273922122,0.996575627604706,0.973283247507049,0.976800983027979,0.964833062548179,0.987336285566026,0.98885382842043,0.986318106281275,0.995333057741789,0.987815974364007,0.966139760937979,0.975932395180315,0.987390792722222,0.994583338696179,0.986408853750071,0.994548687410116,0.82596036229529,0.984139249182182,0.900243433192026,0.996186694497137,0.99470224388952,0.99019523322939,0.985932547849524,0.976879953369076,0.994914662818325,0.978157752087343,0.988710145932095,0.988506193033695,0.958760112445722,0.96187507028802,0.796445846610117,0.965163786815196,0.768038297997367,0.981253149919057,0.849219563050455,0.999609506032636,0.982453392677073,0.98748113327769,0.830068208956781,0.999755384778232,0.996265796084121,0.970942891099376,0.995687500479555,0.996598325784974,0.998061237242737,0.993456793382504,0.987493864831076,0.643234319659757,0.995052985618468
"SGP033311",0.76823241496898,0.69598468244882,0.831058379883238,0.650887476721429,0.78404202550685,0.660532549742346,0.999285175446804,0.64140690990732,0.655836199274879,0.604543482060807,0.987510633748747,0.798054158730479,0.716491305974756,0.632224411850087,0.825572893310608,0,0.407441270194516,0.730579835037009,0.660620475439594,0.734650385529787,0.645390043278777,0.773119484597922,0.612879223470229,0.749829485723775,0.707607331040355,0.59522334482895,0.677940483027558,0.738330931133331,0.992521905739151,0.826666369466726,0.812288264999963,0.778692274373427,0.730824992792188,0.806653358394732,0.970089066417262,0.800902762539398,0.809731467987909,0.838879054547293,0.75152765188706,0.741053740588161,0.822922148207848,0.794417688615532,0.96215697701625,0.788182819193023,0.738092402892002,0.77530687955258,0.749326487859,0.71651132663922,0.786195728265185,0.646105339949734,0.761175160824303,0.569800935461291,0.774589152090452,0.784732777825026,0.778896064601126,0.590586543810827,0.628174085239694,0.887301927067136,0.835402914170955,0.839954590508781,0.759149389205727,0.754816014804328,0.641920644598934,0.618913319914547,0.849620477763984,0.757125959226315,0.834034564686365,0.759087292886037,0.633339827227477,0.78400448579235,0.606963490526488,0.782325462796911,0.735000160499813,0.696871033644898,0.834068016272882,0.567728608924824,0.792524940634395,0.585254467825558,0.84732557589103,0.832569230342641,0.999131971654653,0.81934048716543,0.589688819949695,0.653291812919437,0.646266509242719,0.960895638537812,0.574709201678133,0.725365721114321,0.811846121689545,0.822311254816101,0.615691361806763,0.77962374447121,0.730133608534568,0.670085123536465,0.718521871325193,0.769496499333043,0.691753583819508,0.77816027116296,0.805997687757941,0.667560804231379,0.728860414468872
"SGP033312",0.703368977451258,0.721330589909368,0.800028712766438,0.711533176487203,0.758784307262164,0.52182758316665,0.998772424857949,0.726408268129899,0.751592638971336,0.630155851489846,0.987565544336678,0.834667651599126,0.630353993299585,0.680995735800048,0.756015629007235,0.407441270194516,0,0.661616856759325,0.669626901359296,0.681602650331544,0.687951718467132,0.622425423178355,0.507872883514669,0.741291613659803,0.670144624711241,0.563585031069201,0.687300427301495,0.687619846047652,0.994933234244298,0.859568187986579,0.778838391522849,0.644896610676106,0.720957835554004,0.772567234845902,0.987924253022037,0.755263601681448,0.678539817373947,0.761757013470624,0.765562286695585,0.740947906318452,0.803493547707956,0.748115660196292,0.978920118227367,0.659243783229667,0.699254178638372,0.76472614608211,0.724697228332975,0.713897117790374,0.768211005972191,0.705182647145529,0.749469116523098,0.64094450558892,0.716368749523844,0.779721929187795,0.752347689336968,0.664506190728491,0.670748304419032,0.827974461807825,0.791279314811474,0.83161644880456,0.762468886298432,0.77899715685617,0.707881603415158,0.658504551500758,0.851547878186651,0.787188908038939,0.819258105868248,0.849172789802677,0.646254268863409,0.799710682077228,0.659806595351961,0.815003097672452,0.874061355930184,0.77792851066944,0.83268987343084,0.64258945723283,0.780420116030536,0.710100749033163,0.864502950239678,0.865882895924162,0.997156020890962,0.771705178949695,0.561699541775435,0.712098195712245,0.597094360679991,0.979853653354014,0.642332478226824,0.816640143110346,0.833677292713349,0.838191542484192,0.639553689147013,0.868015016009236,0.780048828758995,0.734381328036585,0.797925828644277,0.813654763074061,0.808303593003593,0.812355665086396,0.792089063175064,0.583305471168306,0.79902438679762
"SGP033313",0.7580189219902,0.801667577629234,0.822918072136893,0.76937620357884,0.255756616658677,0.559617937566476,0.998533197916428,0.867719625264203,0.860373602599676,0.7817230206014,0.985336602666641,0.930735002792109,0.748937601904493,0.80366564987399,0.840733100721334,0.730579835037009,0.661616856759325,0,0.832673767180168,0.177327328415239,0.829540880310688,0.223105216972734,0.70853270617792,0.780414600981232,0.137995739141641,0.64599208137682,0.774412900163308,0.241748694034571,0.995639815360826,0.918381130984738,0.826992204904844,0.257474891329746,0.83213907268584,0.842650419742939,0.997080664779708,0.774050490750595,0.768001532014767,0.797426138437033,0.802267665773552,0.78975354171415,0.809765760883915,0.81932633878645,0.995772838937232,0.337736940930582,0.807445524600902,0.808470138901464,0.782625574575041,0.799805026162564,0.804851529675861,0.78571808093915,0.775643428786112,0.810623807065158,0.769540420639387,0.781098070966173,0.80286223820938,0.776597600131536,0.799729985126486,0.766563219085872,0.753098461308732,0.787832450912234,0.785328039204995,0.823212307331144,0.838184314028416,0.790581876428891,0.802851385319945,0.853509811551675,0.781884410654257,0.952668469856279,0.728793540606513,0.819821326962943,0.770702911590446,0.877463187245083,0.972220562570358,0.852000973182659,0.788213518461102,0.814985350490346,0.825027592632534,0.87456157401362,0.837875842669796,0.879865642257838,0.995037031034745,0.844608330606374,0.694319498875746,0.824192772631898,0.643803686842988,0.995194525078041,0.70816938458861,0.892491207887328,0.825896312883436,0.835000410117168,0.692723528039058,0.941224155777128,0.84774940192012,0.84157427370479,0.858146704870312,0.88722333948284,0.933406724799598,0.869933855069455,0.783998442317116,0.677444969115672,0.88060770220393
"SGP033314",0.59210225897943,0.640330810032944,0.716424907311845,0.584804142882029,0.861518826273957,0.784545561665923,0.998375765897653,0.53852825923547,0.611629062464109,0.496247189006386,0.95898478201435,0.661842971771581,0.48851260261658,0.558258283056824,0.987471416094544,0.660620475439594,0.669626901359296,0.832673767180168,0,0.798668316522654,0.545884006549143,0.835173535661775,0.650269491194851,0.530923706506265,0.80353999573106,0.707279539362539,0.350088931860496,0.869866819057,0.990628478459728,0.693172614303545,0.715366587991237,0.872335445498363,0.591769040655284,0.615536376591048,0.99583942345257,0.665992105843112,0.753729075457376,0.695249471303251,0.6542520526944,0.648507432323363,0.645446325542393,0.653178960475705,0.98175467089863,0.879532563869823,0.673538902063448,0.646321109128506,0.647899219306023,0.542670221115609,0.668304922153944,0.607534899237499,0.690587194108987,0.554602944292693,0.645721917900185,0.720491240360035,0.636239686481369,0.604713108411492,0.568965755866221,0.813859878956849,0.736573594131776,0.759238519244119,0.677452618971465,0.668096830699217,0.578912471393868,0.624251382796478,0.802164981078093,0.700103329995005,0.717132430552728,0.763202013302702,0.780708635936984,0.664819951897905,0.723035913324301,0.722466980647413,0.738554420335866,0.653967504862177,0.76699809816044,0.632724597119013,0.729560728630943,0.636160623029774,0.753412183138392,0.819180712579726,0.980996719233663,0.822204356362228,0.734501085820683,0.674893464762987,0.797272146631863,0.974213916677508,0.719143303689373,0.653546317520514,0.750292935826958,0.770580843758705,0.735618441820353,0.723847302633881,0.652827283378645,0.70533159485591,0.631034375243363,0.74603418514208,0.799612898577783,0.734109416456071,0.721402808202143,0.807086066926263,0.688227010299719
"SGP033315",0.734903216381952,0.794862641133836,0.786639938510001,0.761516503343535,0.28805648144704,0.581242414920764,0.998200584509473,0.853766997991658,0.852827023009033,0.761021491717145,0.983815326784745,0.900570828568968,0.735141671983419,0.776117500148333,0.865750889059115,0.734650385529787,0.681602650331544,0.177327328415239,0.798668316522654,0,0.816393699148167,0.24865264207462,0.669092347382813,0.739892541106695,0.185605493424187,0.636491599115752,0.732781048873843,0.367953081809025,0.995181820372066,0.906665086511287,0.79679844040304,0.33548645269779,0.810560043979433,0.820431346625442,0.996533062625908,0.757134384326649,0.778993715748895,0.793194071475886,0.782289842629541,0.772521652229249,0.784620881391379,0.801131808865904,0.994227183949739,0.401441589599627,0.797638272529076,0.776570729316149,0.774415237484128,0.778157198813578,0.786094402391682,0.774475395019831,0.748704464539948,0.786293003245617,0.74565157462315,0.772568982397678,0.786438580447562,0.741819577258226,0.769937498622523,0.727346179802093,0.724275538471336,0.752328414359796,0.773700039754431,0.809923635213826,0.80183761021933,0.753671550882376,0.781167388438686,0.837733121307552,0.76944185592541,0.94983239273244,0.755991533582241,0.80773783234767,0.747284142267999,0.864661946536475,0.969125511670665,0.837415898091347,0.755499038215024,0.797020941494263,0.817587695807206,0.861819992817577,0.802080421198651,0.841406573278852,0.993367042009411,0.851846366028841,0.712037537554507,0.78306072974853,0.666293472379098,0.993819969045471,0.691984059000786,0.895063827933424,0.81673853282352,0.821507956746276,0.705924525008728,0.940873446734565,0.841999336811716,0.822638828473047,0.849127055366147,0.881627879765692,0.932924681216087,0.860667600370373,0.769252359203473,0.714913591893325,0.868774931728881
"SGP033316",0.661981789579008,0.34958685184651,0.701595227238504,0.546454302995224,0.853109734519612,0.806815786906154,0.992530166409873,0.447227430034308,0.422101921363305,0.278093483737273,0.985038182413782,0.755688627170116,0.624559144481599,0.229037618366185,0.988314445776544,0.645390043278777,0.687951718467132,0.829540880310688,0.545884006549143,0.816393699148167,0,0.851714498733221,0.670349724492633,0.610331959402927,0.80332466702841,0.679734617314502,0.609803653173264,0.859442645580173,0.991124129305482,0.778540980508917,0.624630950276993,0.871750610022368,0.405002798614461,0.611825112404783,0.993087056624141,0.614305093458517,0.712135133180522,0.667156215998045,0.557264629857127,0.592682745185509,0.668002357225518,0.638977610023028,0.988245534978755,0.87819517029351,0.658169399064198,0.647900895543326,0.601820977965395,0.52729531328676,0.635147922623995,0.486766047738679,0.662075906180139,0.583349174326014,0.572241854508194,0.690002280221099,0.51864812268229,0.587070552214812,0.616355161735888,0.699425819062267,0.592784327263732,0.646768046029642,0.621012875474999,0.600280627336831,0.571063793905714,0.59009008844402,0.652392019672569,0.634597493623496,0.771086228596688,0.69760461799472,0.685302611462119,0.670506150057681,0.702706109163731,0.681538175481837,0.756746291537629,0.584166166262893,0.717798587266629,0.61381035737978,0.664702636157267,0.552978342956377,0.627837066982068,0.65195554783533,0.999489797553343,0.835214678120199,0.722751859916837,0.668122261854507,0.787190543913942,0.985900631823304,0.718371177134799,0.67975382134749,0.718244217299653,0.579655788855377,0.720401724338118,0.76820408526384,0.598453606258421,0.678617031091653,0.563017556077499,0.678138831152323,0.772504738977725,0.667862803569414,0.64953735135514,0.809326910562281,0.589871637970169
